84.66992408444658 0.0 119
84.66992408444658 32.0 123
84.66992408444658 64.0 127
84.66992408444658 96.0 131
84.66992408444658 128.0 135
84.66992408444658 160.0 139
84.66992408444658 -168.0 143
84.66992408444658 -136.0 147
84.66992408444658 -104.0 151
84.66992408444658 -72.0 155
84.66992408444658 -40.0 159
84.66992408444658 -8.0 163
80.18530987247722 0.0 342
80.18530987247722 40.0 350
80.18530987247722 80.0 358
80.18530987247722 120.0 366
80.18530987247722 140.0 370
80.18530987247722 160.0 374
80.18530987247722 -180.0 378
80.18530987247722 -160.0 382
80.18530987247722 -140.0 386
80.18530987247722 -120.0 390
75.69984422201131 0.0 656
75.69984422201131 15.0 660
75.69984422201131 30.0 664
75.69984422201131 45.0 668
75.69984422201131 75.0 676
75.69984422201131 120.0 688
75.69984422201131 150.0 696
75.69984422201131 165.0 700
75.69984422201131 -180.0 704
75.69984422201131 -165.0 708
75.69984422201131 -150.0 712
75.69984422201131 -135.0 716
75.69984422201131 -75.0 732
75.69984422201131 -15.0 748
71.21413607988697 0.0 1080
71.21413607988697 12.0 1084
71.21413607988697 36.0 1092
71.21413607988697 48.0 1096
71.21413607988697 60.0 1100
71.21413607988697 168.0 1136
71.21413607988697 -168.0 1144
71.21413607988697 -144.0 1152
71.21413607988697 -132.0 1156
71.21413607988697 -120.0 1160
71.21413607988697 -60.0 1180
71.21413607988697 -12.0 1196
66.72832560288221 0.0 1607
66.72832560288221 10.0 1611
66.72832560288221 -170.0 1683
66.72832560288221 -80.0 1719
66.72832560288221 -60.0 1727
66.72832560288221 -30.0 1739
66.72832560288221 -20.0 1743
66.72832560288221 -10.0 1747
62.242462435890694 0.0 2221
62.242462435890694 -176.0 2313
62.242462435890694 -168.0 2317
62.242462435890694 -88.0 2357
62.242462435890694 -64.0 2369
62.242462435890694 -56.0 2373
62.242462435890694 -40.0 2381
62.242462435890694 -32.0 2385
62.242462435890694 -24.0 2389
62.242462435890694 -16.0 2393
57.7565686241836 0.0 2953
57.7565686241836 142.5 3029
57.7565686241836 150.0 3033
57.7565686241836 165.0 3041
57.7565686241836 172.5 3045
57.7565686241836 -180.0 3049
57.7565686241836 -172.5 3053
57.7565686241836 -165.0 3057
57.7565686241836 -150.0 3065
57.7565686241836 -142.5 3069
57.7565686241836 -90.0 3097
57.7565686241836 -82.5 3101
57.7565686241836 -60.0 3113
57.7565686241836 -52.5 3117
57.7565686241836 -45.0 3121
57.7565686241836 -37.5 3125
57.7565686241836 -30.0 3129
57.7565686241836 -22.5 3133
57.7565686241836 -15.0 3137
53.270655459398434 146.66666666666663 3849
53.270655459398434 153.33333333333337 3853
53.270655459398434 166.66666666666663 3861
53.270655459398434 173.33333333333337 3865
53.270655459398434 -180.0 3869
53.270655459398434 -173.33333333333337 3873
53.270655459398434 -160.0 3881
53.270655459398434 -153.33333333333337 3885
53.270655459398434 -146.66666666666663 3889
53.270655459398434 -140.0 3893
53.270655459398434 -53.333333333333314 3945
53.270655459398434 -46.666666666666686 3949
53.270655459398434 -40.0 3953
53.270655459398434 -33.333333333333314 3957
53.270655459398434 -26.666666666666742 3961
53.270655459398434 -20.0 3965
53.270655459398434 -13.333333333333258 3969
48.784729330535036 150.0 4743
48.784729330535036 156.0 4747
48.784729330535036 162.0 4751
48.784729330535036 168.0 4755
48.784729330535036 174.0 4759
48.784729330535036 -180.0 4763
48.784729330535036 -174.0 4767
48.784729330535036 -168.0 4771
48.784729330535036 -162.0 4775
48.784729330535036 -156.0 4779
48.784729330535036 -150.0 4783
48.784729330535036 -144.0 4787
48.784729330535036 -138.0 4791
48.784729330535036 -132.0 4795
48.784729330535036 -60.0 4843
48.784729330535036 -48.0 4851
48.784729330535036 -42.0 4855
48.784729330535036 -36.0 4859
48.784729330535036 -30.0 4863
48.784729330535036 -24.0 4867
48.784729330535036 -18.0 4871
48.784729330535036 -12.0 4875
48.784729330535036 -6.0 4879
44.29879413069396 140.625 5719
44.29879413069396 151.875 5727
44.29879413069396 157.5 5731
44.29879413069396 163.125 5735
44.29879413069396 168.75 5739
44.29879413069396 174.375 5743
44.29879413069396 -180.0 5747
44.29879413069396 -174.375 5751
44.29879413069396 -168.75 5755
44.29879413069396 -163.125 5759
44.29879413069396 -157.5 5763
44.29879413069396 -151.875 5767
44.29879413069396 -146.25 5771
44.29879413069396 -140.625 5775
44.29879413069396 -135.0 5779
44.29879413069396 -129.375 5783
44.29879413069396 -61.875 5831
44.29879413069396 -56.25 5835
44.29879413069396 -50.625 5839
44.29879413069396 -45.0 5843
44.29879413069396 -39.375 5847
44.29879413069396 -33.75 5851
44.29879413069396 -28.125 5855
44.29879413069396 -22.5 5859
44.29879413069396 -16.875 5863
44.29879413069396 -11.25 5867
44.29879413069396 -5.625 5871
39.81285237377123 5.0 6679
39.81285237377123 50.0 6715
39.81285237377123 130.0 6779
39.81285237377123 135.0 6783
39.81285237377123 145.0 6791
39.81285237377123 150.0 6795
39.81285237377123 155.0 6799
39.81285237377123 160.0 6803
39.81285237377123 165.0 6807
39.81285237377123 170.0 6811
39.81285237377123 175.0 6815
39.81285237377123 -180.0 6819
39.81285237377123 -175.0 6823
39.81285237377123 -170.0 6827
39.81285237377123 -165.0 6831
39.81285237377123 -160.0 6835
39.81285237377123 -155.0 6839
39.81285237377123 -150.0 6843
39.81285237377123 -145.0 6847
39.81285237377123 -140.0 6851
39.81285237377123 -135.0 6855
39.81285237377123 -130.0 6859
39.81285237377123 -125.0 6863
39.81285237377123 -70.0 6907
39.81285237377123 -65.0 6911
39.81285237377123 -60.0 6915
39.81285237377123 -55.0 6919
39.81285237377123 -50.0 6923
39.81285237377123 -45.0 6927
39.81285237377123 -40.0 6931
39.81285237377123 -35.0 6935
39.81285237377123 -30.0 6939
39.81285237377123 -25.0 6943
39.81285237377123 -20.0 6947
39.81285237377123 -15.0 6951
39.81285237377123 -10.0 6955
35.32690576187228 15.0 7839
35.32690576187228 20.0 7843
35.32690576187228 30.0 7851
35.32690576187228 35.0 7855
35.32690576187228 125.0 7927
35.32690576187228 130.0 7931
35.32690576187228 145.0 7943
35.32690576187228 150.0 7947
35.32690576187228 155.0 7951
35.32690576187228 160.0 7955
35.32690576187228 165.0 7959
35.32690576187228 170.0 7963
35.32690576187228 175.0 7967
35.32690576187228 -180.0 7971
35.32690576187228 -175.0 7975
35.32690576187228 -170.0 7979
35.32690576187228 -165.0 7983
35.32690576187228 -160.0 7987
35.32690576187228 -155.0 7991
35.32690576187228 -150.0 7995
35.32690576187228 -145.0 7999
35.32690576187228 -140.0 8003
35.32690576187228 -135.0 8007
35.32690576187228 -130.0 8011
35.32690576187228 -125.0 8015
35.32690576187228 -75.0 8055
35.32690576187228 -70.0 8059
35.32690576187228 -65.0 8063
35.32690576187228 -60.0 8067
35.32690576187228 -55.0 8071
35.32690576187228 -50.0 8075
35.32690576187228 -45.0 8079
35.32690576187228 -40.0 8083
35.32690576187228 -35.0 8087
35.32690576187228 -30.0 8091
35.32690576187228 -25.0 8095
35.32690576187228 -20.0 8099
35.32690576187228 -15.0 8103
35.32690576187228 -10.0 8107
30.8409554950018 19.19999999999999 8995
30.8409554950018 124.80000000000001 9083
30.8409554950018 134.39999999999998 9091
30.8409554950018 139.2 9095
30.8409554950018 144.0 9099
30.8409554950018 148.8 9103
30.8409554950018 153.60000000000002 9107
30.8409554950018 158.39999999999998 9111
30.8409554950018 163.2 9115
30.8409554950018 168.0 9119
30.8409554950018 172.8 9123
30.8409554950018 177.60000000000002 9127
30.8409554950018 -177.60000000000002 9131
30.8409554950018 -172.8 9135
30.8409554950018 -168.0 9139
30.8409554950018 -163.2 9143
30.8409554950018 -158.39999999999998 9147
30.8409554950018 -153.60000000000002 9151
30.8409554950018 -148.8 9155
30.8409554950018 -144.0 9159
30.8409554950018 -139.2 9163
30.8409554950018 -134.39999999999998 9167
30.8409554950018 -129.60000000000002 9171
30.8409554950018 -124.80000000000001 9175
30.8409554950018 -120.0 9179
30.8409554950018 -76.80000000000001 9215
30.8409554950018 -72.0 9219
30.8409554950018 -67.19999999999999 9223
30.8409554950018 -62.39999999999998 9227
30.8409554950018 -57.60000000000002 9231
30.8409554950018 -52.80000000000001 9235
30.8409554950018 -48.0 9239
30.8409554950018 -43.19999999999999 9243
30.8409554950018 -38.39999999999998 9247
30.8409554950018 -33.60000000000002 9251
30.8409554950018 -28.80000000000001 9255
30.8409554950018 -24.0 9259
30.8409554950018 -19.200000000000045 9263
30.8409554950018 -14.399999999999977 9267
-30.8409554950018 0.0 26439
-30.8409554950018 4.800000000000011 26443
-30.8409554950018 9.599999999999994 26447
-30.8409554950018 14.400000000000006 26451
-30.8409554950018 33.599999999999994 26467
-30.8409554950018 38.400000000000006 26471
-30.8409554950018 43.19999999999999 26475
-30.8409554950018 48.0 26479
-30.8409554950018 52.80000000000001 26483
-30.8409554950018 57.599999999999994 26487
-30.8409554950018 62.400000000000006 26491
-30.8409554950018 67.19999999999999 26495
-30.8409554950018 72.0 26499
-30.8409554950018 76.80000000000001 26503
-30.8409554950018 81.60000000000002 26507
-30.8409554950018 86.39999999999998 26511
-30.8409554950018 91.19999999999999 26515
-30.8409554950018 96.0 26519
-30.8409554950018 100.80000000000001 26523
-30.8409554950018 105.60000000000002 26527
-30.8409554950018 110.39999999999998 26531
-30.8409554950018 153.60000000000002 26567
-30.8409554950018 158.39999999999998 26571
-30.8409554950018 163.2 26575
-30.8409554950018 168.0 26579
-30.8409554950018 172.8 26583
-30.8409554950018 177.60000000000002 26587
-30.8409554950018 -177.60000000000002 26591
-30.8409554950018 -172.8 26595
-30.8409554950018 -168.0 26599
-30.8409554950018 -163.2 26603
-30.8409554950018 -158.39999999999998 26607
-30.8409554950018 -153.60000000000002 26611
-30.8409554950018 -148.8 26615
-30.8409554950018 -144.0 26619
-30.8409554950018 -139.2 26623
-30.8409554950018 -134.39999999999998 26627
-30.8409554950018 -129.60000000000002 26631
-30.8409554950018 -124.80000000000001 26635
-30.8409554950018 -120.0 26639
-30.8409554950018 -115.19999999999999 26643
-30.8409554950018 -110.39999999999998 26647
-30.8409554950018 -105.60000000000002 26651
-30.8409554950018 -100.80000000000001 26655
-30.8409554950018 -96.0 26659
-30.8409554950018 -91.19999999999999 26663
-30.8409554950018 -86.39999999999998 26667
-30.8409554950018 -81.60000000000002 26671
-30.8409554950018 -76.80000000000001 26675
-30.8409554950018 -72.0 26679
-30.8409554950018 -48.0 26699
-30.8409554950018 -43.19999999999999 26703
-30.8409554950018 -38.39999999999998 26707
-30.8409554950018 -33.60000000000002 26711
-30.8409554950018 -28.80000000000001 26715
-30.8409554950018 -24.0 26719
-30.8409554950018 -19.200000000000045 26723
-30.8409554950018 -14.399999999999977 26727
-30.8409554950018 -9.600000000000023 26731
-30.8409554950018 -4.7999999999999545 26735
-35.32690576187228 0.0 27603
-35.32690576187228 5.0 27607
-35.32690576187228 10.0 27611
-35.32690576187228 15.0 27615
-35.32690576187228 20.0 27619
-35.32690576187228 25.0 27623
-35.32690576187228 30.0 27627
-35.32690576187228 35.0 27631
-35.32690576187228 40.0 27635
-35.32690576187228 45.0 27639
-35.32690576187228 50.0 27643
-35.32690576187228 55.0 27647
-35.32690576187228 60.0 27651
-35.32690576187228 65.0 27655
-35.32690576187228 70.0 27659
-35.32690576187228 75.0 27663
-35.32690576187228 80.0 27667
-35.32690576187228 85.0 27671
-35.32690576187228 90.0 27675
-35.32690576187228 95.0 27679
-35.32690576187228 100.0 27683
-35.32690576187228 105.0 27687
-35.32690576187228 110.0 27691
-35.32690576187228 115.0 27695
-35.32690576187228 120.0 27699
-35.32690576187228 125.0 27703
-35.32690576187228 130.0 27707
-35.32690576187228 135.0 27711
-35.32690576187228 155.0 27727
-35.32690576187228 160.0 27731
-35.32690576187228 165.0 27735
-35.32690576187228 170.0 27739
-35.32690576187228 175.0 27743
-35.32690576187228 -180.0 27747
-35.32690576187228 -175.0 27751
-35.32690576187228 -170.0 27755
-35.32690576187228 -165.0 27759
-35.32690576187228 -160.0 27763
-35.32690576187228 -155.0 27767
-35.32690576187228 -150.0 27771
-35.32690576187228 -145.0 27775
-35.32690576187228 -140.0 27779
-35.32690576187228 -135.0 27783
-35.32690576187228 -130.0 27787
-35.32690576187228 -125.0 27791
-35.32690576187228 -120.0 27795
-35.32690576187228 -115.0 27799
-35.32690576187228 -110.0 27803
-35.32690576187228 -105.0 27807
-35.32690576187228 -100.0 27811
-35.32690576187228 -95.0 27815
-35.32690576187228 -90.0 27819
-35.32690576187228 -85.0 27823
-35.32690576187228 -80.0 27827
-35.32690576187228 -75.0 27831
-35.32690576187228 -55.0 27847
-35.32690576187228 -50.0 27851
-35.32690576187228 -45.0 27855
-35.32690576187228 -40.0 27859
-35.32690576187228 -35.0 27863
-35.32690576187228 -30.0 27867
-35.32690576187228 -25.0 27871
-35.32690576187228 -20.0 27875
-35.32690576187228 -15.0 27879
-35.32690576187228 -10.0 27883
-35.32690576187228 -5.0 27887
-39.81285237377123 0.0 28755
-39.81285237377123 5.0 28759
-39.81285237377123 10.0 28763
-39.81285237377123 15.0 28767
-39.81285237377123 20.0 28771
-39.81285237377123 25.0 28775
-39.81285237377123 30.0 28779
-39.81285237377123 35.0 28783
-39.81285237377123 40.0 28787
-39.81285237377123 45.0 28791
-39.81285237377123 50.0 28795
-39.81285237377123 55.0 28799
-39.81285237377123 60.0 28803
-39.81285237377123 65.0 28807
-39.81285237377123 70.0 28811
-39.81285237377123 75.0 28815
-39.81285237377123 80.0 28819
-39.81285237377123 85.0 28823
-39.81285237377123 90.0 28827
-39.81285237377123 95.0 28831
-39.81285237377123 100.0 28835
-39.81285237377123 105.0 28839
-39.81285237377123 110.0 28843
-39.81285237377123 115.0 28847
-39.81285237377123 120.0 28851
-39.81285237377123 125.0 28855
-39.81285237377123 130.0 28859
-39.81285237377123 135.0 28863
-39.81285237377123 140.0 28867
-39.81285237377123 145.0 28871
-39.81285237377123 150.0 28875
-39.81285237377123 155.0 28879
-39.81285237377123 160.0 28883
-39.81285237377123 165.0 28887
-39.81285237377123 170.0 28891
-39.81285237377123 -180.0 28899
-39.81285237377123 -175.0 28903
-39.81285237377123 -170.0 28907
-39.81285237377123 -165.0 28911
-39.81285237377123 -160.0 28915
-39.81285237377123 -155.0 28919
-39.81285237377123 -150.0 28923
-39.81285237377123 -145.0 28927
-39.81285237377123 -140.0 28931
-39.81285237377123 -135.0 28935
-39.81285237377123 -130.0 28939
-39.81285237377123 -125.0 28943
-39.81285237377123 -120.0 28947
-39.81285237377123 -115.0 28951
-39.81285237377123 -110.0 28955
-39.81285237377123 -105.0 28959
-39.81285237377123 -100.0 28963
-39.81285237377123 -95.0 28967
-39.81285237377123 -90.0 28971
-39.81285237377123 -85.0 28975
-39.81285237377123 -80.0 28979
-39.81285237377123 -75.0 28983
-39.81285237377123 -60.0 28995
-39.81285237377123 -55.0 28999
-39.81285237377123 -50.0 29003
-39.81285237377123 -45.0 29007
-39.81285237377123 -40.0 29011
-39.81285237377123 -35.0 29015
-39.81285237377123 -30.0 29019
-39.81285237377123 -25.0 29023
-39.81285237377123 -20.0 29027
-39.81285237377123 -15.0 29031
-39.81285237377123 -10.0 29035
-39.81285237377123 -5.0 29039
-44.29879413069396 0.0 29843
-44.29879413069396 5.625 29847
-44.29879413069396 11.25 29851
-44.29879413069396 16.875 29855
-44.29879413069396 22.5 29859
-44.29879413069396 28.125 29863
-44.29879413069396 33.75 29867
-44.29879413069396 39.375 29871
-44.29879413069396 45.0 29875
-44.29879413069396 50.625 29879
-44.29879413069396 56.25 29883
-44.29879413069396 61.875 29887
-44.29879413069396 67.5 29891
-44.29879413069396 73.125 29895
-44.29879413069396 78.75 29899
-44.29879413069396 84.375 29903
-44.29879413069396 90.0 29907
-44.29879413069396 95.625 29911
-44.29879413069396 101.25 29915
-44.29879413069396 106.875 29919
-44.29879413069396 112.5 29923
-44.29879413069396 118.125 29927
-44.29879413069396 123.75 29931
-44.29879413069396 129.375 29935
-44.29879413069396 135.0 29939
-44.29879413069396 140.625 29943
-44.29879413069396 146.25 29947
-44.29879413069396 151.875 29951
-44.29879413069396 157.5 29955
-44.29879413069396 163.125 29959
-44.29879413069396 174.375 29967
-44.29879413069396 -180.0 29971
-44.29879413069396 -174.375 29975
-44.29879413069396 -168.75 29979
-44.29879413069396 -163.125 29983
-44.29879413069396 -157.5 29987
-44.29879413069396 -151.875 29991
-44.29879413069396 -146.25 29995
-44.29879413069396 -140.625 29999
-44.29879413069396 -135.0 30003
-44.29879413069396 -129.375 30007
-44.29879413069396 -123.75 30011
-44.29879413069396 -118.125 30015
-44.29879413069396 -112.5 30019
-44.29879413069396 -106.875 30023
-44.29879413069396 -101.25 30027
-44.29879413069396 -95.625 30031
-44.29879413069396 -90.0 30035
-44.29879413069396 -84.375 30039
-44.29879413069396 -78.75 30043
-44.29879413069396 -61.875 30055
-44.29879413069396 -56.25 30059
-44.29879413069396 -50.625 30063
-44.29879413069396 -45.0 30067
-44.29879413069396 -39.375 30071
-44.29879413069396 -33.75 30075
-44.29879413069396 -28.125 30079
-44.29879413069396 -22.5 30083
-44.29879413069396 -16.875 30087
-44.29879413069396 -11.25 30091
-44.29879413069396 -5.625 30095
-48.784729330535036 0.0 30835
-48.784729330535036 6.0 30839
-48.784729330535036 12.0 30843
-48.784729330535036 18.0 30847
-48.784729330535036 24.0 30851
-48.784729330535036 30.0 30855
-48.784729330535036 36.0 30859
-48.784729330535036 42.0 30863
-48.784729330535036 48.0 30867
-48.784729330535036 54.0 30871
-48.784729330535036 60.0 30875
-48.784729330535036 66.0 30879
-48.784729330535036 72.0 30883
-48.784729330535036 78.0 30887
-48.784729330535036 84.0 30891
-48.784729330535036 90.0 30895
-48.784729330535036 96.0 30899
-48.784729330535036 102.0 30903
-48.784729330535036 108.0 30907
-48.784729330535036 114.0 30911
-48.784729330535036 120.0 30915
-48.784729330535036 126.0 30919
-48.784729330535036 132.0 30923
-48.784729330535036 138.0 30927
-48.784729330535036 144.0 30931
-48.784729330535036 150.0 30935
-48.784729330535036 156.0 30939
-48.784729330535036 162.0 30943
-48.784729330535036 168.0 30947
-48.784729330535036 174.0 30951
-48.784729330535036 -180.0 30955
-48.784729330535036 -174.0 30959
-48.784729330535036 -168.0 30963
-48.784729330535036 -162.0 30967
-48.784729330535036 -156.0 30971
-48.784729330535036 -150.0 30975
-48.784729330535036 -144.0 30979
-48.784729330535036 -138.0 30983
-48.784729330535036 -132.0 30987
-48.784729330535036 -126.0 30991
-48.784729330535036 -120.0 30995
-48.784729330535036 -114.0 30999
-48.784729330535036 -108.0 31003
-48.784729330535036 -102.0 31007
-48.784729330535036 -96.0 31011
-48.784729330535036 -90.0 31015
-48.784729330535036 -84.0 31019
-48.784729330535036 -78.0 31023
-48.784729330535036 -66.0 31031
-48.784729330535036 -60.0 31035
-48.784729330535036 -54.0 31039
-48.784729330535036 -48.0 31043
-48.784729330535036 -42.0 31047
-48.784729330535036 -36.0 31051
-48.784729330535036 -30.0 31055
-48.784729330535036 -24.0 31059
-48.784729330535036 -18.0 31063
-48.784729330535036 -12.0 31067
-48.784729330535036 -6.0 31071
-53.270655459398434 0.0 31741
-53.270655459398434 6.666666666666657 31745
-53.270655459398434 13.333333333333343 31749
-53.270655459398434 20.0 31753
-53.270655459398434 26.666666666666657 31757
-53.270655459398434 33.33333333333334 31761
-53.270655459398434 40.0 31765
-53.270655459398434 46.66666666666666 31769
-53.270655459398434 53.33333333333334 31773
-53.270655459398434 60.0 31777
-53.270655459398434 66.66666666666669 31781
-53.270655459398434 80.0 31789
-53.270655459398434 86.66666666666669 31793
-53.270655459398434 93.33333333333331 31797
-53.270655459398434 100.0 31801
-53.270655459398434 106.66666666666669 31805
-53.270655459398434 113.33333333333331 31809
-53.270655459398434 120.0 31813
-53.270655459398434 126.66666666666669 31817
-53.270655459398434 133.33333333333337 31821
-53.270655459398434 140.0 31825
-53.270655459398434 146.66666666666663 31829
-53.270655459398434 153.33333333333337 31833
-53.270655459398434 160.0 31837
-53.270655459398434 166.66666666666663 31841
-53.270655459398434 173.33333333333337 31845
-53.270655459398434 -180.0 31849
-53.270655459398434 -173.33333333333337 31853
-53.270655459398434 -166.66666666666663 31857
-53.270655459398434 -160.0 31861
-53.270655459398434 -153.33333333333337 31865
-53.270655459398434 -146.66666666666663 31869
-53.270655459398434 -140.0 31873
-53.270655459398434 -133.33333333333337 31877
-53.270655459398434 -126.66666666666663 31881
-53.270655459398434 -120.0 31885
-53.270655459398434 -113.33333333333337 31889
-53.270655459398434 -106.66666666666663 31893
-53.270655459398434 -100.0 31897
-53.270655459398434 -93.33333333333331 31901
-53.270655459398434 -86.66666666666669 31905
-53.270655459398434 -80.0 31909
-53.270655459398434 -66.66666666666669 31917
-53.270655459398434 -60.0 31921
-53.270655459398434 -53.333333333333314 31925
-53.270655459398434 -46.666666666666686 31929
-53.270655459398434 -40.0 31933
-53.270655459398434 -33.333333333333314 31937
-53.270655459398434 -26.666666666666742 31941
-53.270655459398434 -20.0 31945
-53.270655459398434 -13.333333333333258 31949
-53.270655459398434 -6.6666666666667425 31953
-57.7565686241836 0.0 32573
-57.7565686241836 7.5 32577
-57.7565686241836 15.0 32581
-57.7565686241836 22.5 32585
-57.7565686241836 30.0 32589
-57.7565686241836 37.5 32593
-57.7565686241836 45.0 32597
-57.7565686241836 52.5 32601
-57.7565686241836 60.0 32605
-57.7565686241836 67.5 32609
-57.7565686241836 75.0 32613
-57.7565686241836 82.5 32617
-57.7565686241836 90.0 32621
-57.7565686241836 97.5 32625
-57.7565686241836 105.0 32629
-57.7565686241836 112.5 32633
-57.7565686241836 120.0 32637
-57.7565686241836 127.5 32641
-57.7565686241836 135.0 32645
-57.7565686241836 142.5 32649
-57.7565686241836 150.0 32653
-57.7565686241836 157.5 32657
-57.7565686241836 165.0 32661
-57.7565686241836 172.5 32665
-57.7565686241836 -180.0 32669
-57.7565686241836 -172.5 32673
-57.7565686241836 -165.0 32677
-57.7565686241836 -157.5 32681
-57.7565686241836 -150.0 32685
-57.7565686241836 -142.5 32689
-57.7565686241836 -135.0 32693
-57.7565686241836 -127.5 32697
-57.7565686241836 -120.0 32701
-57.7565686241836 -112.5 32705
-57.7565686241836 -105.0 32709
-57.7565686241836 -97.5 32713
-57.7565686241836 -90.0 32717
-57.7565686241836 -82.5 32721
-57.7565686241836 -75.0 32725
-57.7565686241836 -67.5 32729
-57.7565686241836 -60.0 32733
-57.7565686241836 -52.5 32737
-57.7565686241836 -45.0 32741
-57.7565686241836 -37.5 32745
-57.7565686241836 -30.0 32749
-57.7565686241836 -22.5 32753
-57.7565686241836 -15.0 32757
-57.7565686241836 -7.5 32761
-62.242462435890694 0.0 33317
-62.242462435890694 8.0 33321
-62.242462435890694 16.0 33325
-62.242462435890694 24.0 33329
-62.242462435890694 32.0 33333
-62.242462435890694 40.0 33337
-62.242462435890694 48.0 33341
-62.242462435890694 56.0 33345
-62.242462435890694 64.0 33349
-62.242462435890694 72.0 33353
-62.242462435890694 80.0 33357
-62.242462435890694 88.0 33361
-62.242462435890694 96.0 33365
-62.242462435890694 104.0 33369
-62.242462435890694 112.0 33373
-62.242462435890694 120.0 33377
-62.242462435890694 128.0 33381
-62.242462435890694 136.0 33385
-62.242462435890694 144.0 33389
-62.242462435890694 152.0 33393
-62.242462435890694 160.0 33397
-62.242462435890694 168.0 33401
-62.242462435890694 176.0 33405
-62.242462435890694 -176.0 33409
-62.242462435890694 -168.0 33413
-62.242462435890694 -160.0 33417
-62.242462435890694 -152.0 33421
-62.242462435890694 -144.0 33425
-62.242462435890694 -136.0 33429
-62.242462435890694 -128.0 33433
-62.242462435890694 -120.0 33437
-62.242462435890694 -112.0 33441
-62.242462435890694 -104.0 33445
-62.242462435890694 -96.0 33449
-62.242462435890694 -88.0 33453
-62.242462435890694 -80.0 33457
-62.242462435890694 -72.0 33461
-62.242462435890694 -64.0 33465
-62.242462435890694 -56.0 33469
-62.242462435890694 -48.0 33473
-62.242462435890694 -40.0 33477
-62.242462435890694 -32.0 33481
-62.242462435890694 -24.0 33485
-62.242462435890694 -16.0 33489
-62.242462435890694 -8.0 33493
-66.72832560288221 0.0 33967
-66.72832560288221 10.0 33971
-66.72832560288221 20.0 33975
-66.72832560288221 30.0 33979
-66.72832560288221 40.0 33983
-66.72832560288221 60.0 33991
-66.72832560288221 70.0 33995
-66.72832560288221 80.0 33999
-66.72832560288221 160.0 34031
-66.72832560288221 170.0 34035
-66.72832560288221 -180.0 34039
-66.72832560288221 -170.0 34043
-66.72832560288221 -160.0 34047
-66.72832560288221 -150.0 34051
-66.72832560288221 -140.0 34055
-66.72832560288221 -130.0 34059
-66.72832560288221 -120.0 34063
-66.72832560288221 -110.0 34067
-66.72832560288221 -100.0 34071
-66.72832560288221 -90.0 34075
-66.72832560288221 -80.0 34079
-66.72832560288221 -70.0 34083
-66.72832560288221 -50.0 34091
-66.72832560288221 -40.0 34095
-66.72832560288221 -30.0 34099
-66.72832560288221 -20.0 34103
-66.72832560288221 -10.0 34107
-71.21413607988697 -180.0 34578
-71.21413607988697 -168.0 34582
-71.21413607988697 -156.0 34586
-71.21413607988697 -144.0 34590
-71.21413607988697 -132.0 34594
-71.21413607988697 -120.0 34598
-71.21413607988697 -108.0 34602
-71.21413607988697 -96.0 34606
-71.21413607988697 -84.0 34610
-71.21413607988697 -48.0 34622
-71.21413607988697 -36.0 34626
-71.21413607988697 -24.0 34630
-75.69984422201131 -180.0 35014
-75.69984422201131 -165.0 35018
-75.69984422201131 -45.0 35050
-75.69984422201131 -30.0 35054
